executable,n,real_time_seconds,cpu_time_seconds
blas_128_128_128,5000,4.807677,4.806624
blas_128_128_256,5000,4.825931,4.825139
blas_128_128_512,5000,4.812096,4.811521
blas_128_128_1024,5000,4.870234,4.869694
blas_128_256_128,5000,4.507089,4.506376
blas_128_256_256,5000,4.485972,4.485219
blas_128_256_512,5000,4.535517,4.534937
blas_128_256_1024,5000,4.981151,4.980605
blas_128_512_128,5000,4.254694,4.254046
blas_128_512_256,5000,4.409865,4.409230
blas_128_512_512,5000,4.668421,4.667889
blas_128_512_1024,5000,4.881263,4.880793
blas_128_1024_128,5000,4.341983,4.337301
blas_128_1024_256,5000,5.044220,5.043677
blas_128_1024_512,5000,5.519958,5.519305
blas_128_1024_1024,5000,5.066728,5.066229
blas_256_128_128,5000,4.845359,4.844358
blas_256_128_256,5000,4.955583,4.954671
blas_256_128_512,5000,4.764755,4.764151
blas_256_128_1024,5000,4.794404,4.793863
blas_256_256_128,5000,4.515152,4.514313
blas_256_256_256,5000,4.500871,4.500351
blas_256_256_512,5000,4.614270,4.613660
blas_256_256_1024,5000,5.261793,5.261082
blas_256_512_128,5000,4.384145,4.383659
blas_256_512_256,5000,4.693330,4.692750
blas_256_512_512,5000,5.431748,5.431088
blas_256_512_1024,5000,5.577860,5.576953
blas_256_1024_128,5000,4.362132,4.361348
blas_256_1024_256,5000,4.751582,4.750860
blas_256_1024_512,5000,5.013498,5.012888
blas_256_1024_1024,5000,4.978650,4.977957
blas_512_128_128,5000,4.883402,4.882370
blas_512_128_256,5000,5.002316,5.001620
blas_512_128_512,5000,4.835487,4.834769
blas_512_128_1024,5000,4.924615,4.923970
blas_512_256_128,5000,4.480834,4.480057
blas_512_256_256,5000,4.696193,4.695653
blas_512_256_512,5000,4.701411,4.700850
blas_512_256_1024,5000,5.016327,5.015595
blas_512_512_128,5000,4.294032,4.293365
blas_512_512_256,5000,4.537267,4.536572
blas_512_512_512,5000,5.155083,5.154460
blas_512_512_1024,5000,5.233694,5.233173
blas_512_1024_128,5000,4.275971,4.275371
blas_512_1024_256,5000,5.313877,5.313167
blas_512_1024_512,5000,4.779601,4.778947
blas_512_1024_1024,5000,4.989079,4.988317
blas_1024_128_128,5000,4.898817,4.897850
blas_1024_128_256,5000,4.868887,4.867969
blas_1024_128_512,5000,4.810721,4.810065
blas_1024_128_1024,5000,5.152961,5.152137
blas_1024_256_128,5000,4.492766,4.491914
blas_1024_256_256,5000,4.662992,4.662162
blas_1024_256_512,5000,4.658413,4.657854
blas_1024_256_1024,5000,5.540410,5.539655
blas_1024_512_128,5000,4.249426,4.248583
blas_1024_512_256,5000,4.495781,4.494555
blas_1024_512_512,5000,5.482367,5.481599
blas_1024_512_1024,5000,4.978754,4.978092
blas_1024_1024_128,5000,4.326569,4.326033
blas_1024_1024_256,5000,4.943898,4.943310
blas_1024_1024_512,5000,4.859627,4.859006
blas_1024_1024_1024,5000,5.086751,5.086221
